5
 22,20,23,17,8,3,21,14,13,10
5,75510
 23
5,79130
 23
5,86045
 23
50
 23,22
50,45454
 23
500
 22,8
50076
 23
500–1800
 22
501
 23
501,70751
 23
50283
 23
504
 24
504.03
 24
51
 24,22
51(10
 22
515
 24
515.68
 24
51570
 23
516
 24
51654
 23
52
 23
52,17622
 23
53
 23,22
53(3
 22
53,87479
 23
534
 23
534,82040
 23
53654
 23
54
 23
54,72615
 23
547
 23
547,41896
 23
548
 21
54972
 23
55
 24
55185
 23
55306
 23
55775
 23
56
 22
56-60
 22
56128
 23
56640
 23
567
 23
567,08508
 23
57
 22,24,23
57,49034
 23
57160
 23
57549
 23
57575
 23
57766
 23
58
 22
58357
 23
585
 23
585,76578
 23
58861
 23
59
 24,22
59162
 23
595
 22
595-600
 22
59667
 23
59743
 23
5TH
 22
