6
 22,23,24,20,18,9,10,3,25,14
6(12
 22
6,13792
 23
6,16664
 23
6,28938
 23
6,31444
 23
60
 24,23,22
60,88683
 23
600
 22
60635
 23
609
 23
609,88893
 23
61
 23,22
61,51570
 23
62417
 23
625
 24
629
 23
629,10953
 23
63
 23
63,59162
 23
63,67350
 23
63310
 23
63892
 23
64
 22
64(9
 22
64167
 23
64563
 23
648
 23
648,37655
 23
65
 24,23
65,37240
 23
65705
 23
65824
 23
659
 20
66
 24,22
66(7
 22
66.85
 24
66590
 23
667
 23
667,41032
 23
67
 24,23
67,58357
 23
67,81113
 23
67316
 23
67350
 23
68
 24,22
68(2
 22
68112
 23
684
 23
684,35414
 23
69
 22,24
69(9
 22
69111
 23
69224
 23
69307
 23
69497
 23
695
 24
69687
 23
698
 23
698,17826
 23
69917
 23
6G
 22
