9
 23,22,24,21,10
9,02994
 23
9,06419
 23
9,11374
 23
9,16770
 23
9,28098
 23
9,39590
 23
9,56640
 23
9,57160
 23
9,59667
 23
9,63310
 23
9,64563
 23
9,75068
 23
90
 24
90.59
 24
90.60
 24
903
 21
90313
 23
903–995
 21
905
 24
90591
 23
90762
 23
90820
 23
91
 24,23,22
91,48083
 23
91.13
 24
91.67
 24
91116
 23
92
 24,20
92.31
 24
92.68
 24
925
 23
925,79059
 23
92501
 23
92523
 23
92–99
 20
93
 24,23
93,55306
 23
93142
 23
93284
 23
93302
 23
934
 22
93583
 23
93796
 23
94579
 23
947
 23
947,03468
 23
94738
 23
95
 24,14,7
957
 23
957,60635
 23
96
 24
96.55
 24
96.67
 24
960
 21
96744
 23
96997
 23
97
 24,23,22
97,79827
 23
97.39
 24
97.44
 24
97.48
 24
970
 23
970,15733
 23
971
 24
97753
 23
98
 24
98.18
 24
98.21
 24
98.25
 24
98.29
 24
98.31
 24
98451
 23
99
 24,23,22,20
99,495
 24
99,7
 22
99,971
 24
99.08
 24
99.1
 24
99.15
 24
99.991
 23
991
 23
995
 21
99955
 23
99983
 23
99996
 23
