1
 20,18,3,2,19,9,7,6,5,13,12,10,8,4,21,16,14
1,2H
 18,20
1,8H
 18,20
1-11
 20
1-5
 20
1-PREPROCESSING
 2
1.1
 3
1.2
 4
1.3
 5
1.4
 6
1.5
 7
1.6
 8
1.7
 9
1.8
 10
10
 20,19,3
10.1007/S10337-011-1962-1
 20
10.1366/000370203322554518
 20
10.1366/000370207782597003
 20
10.1366/14-07798
 20
10.30
 19
100
 20,7
1007
 20
1007-1016
 20
1013
 20
1013-1022
 20
1016
 20
1022
 20
104
 20
106
 19
106-108
 19
108
 19
10933
 20
10933-10943
 20
10943
 20
11
 20,14
1136
 14
1138
 20
1138–1146
 20
1146
 20
1169
 20
1169-1179
 20
117
 20,18
1179
 20
11TH
 20
12
 20
122
 20
122-125
 20
1225
 20
1225-32
 20
1231
 20
1231-1239
 20
1239
 20
125
 20
13
 20,9
135
 20
1363
 20
1363-7
 20
1366
 20
138
 20
14
 20,21,19,14,13
140
 20
140(23
 20
145
 20
145-151
 20
146
 20
147
 20
147-153
 20
1490
 14
1490.5
 14
15
 20,19,14,7
151
 20
153
 20
155
 20
155-164
 20
16
 20
1627
 19
1627–39
 19
164
 20
17
 20
1700
 20
1790
 14
18
 20
1800
 20
183
 20
183(1
 20
1884
 20
1884-1894
 20
1894
 20
19
 20
1958
 19
1962
 20
1963
 18
1964
 19
1971
 19
1975
 19
1977
 20
1983
 20
1988
 20
1989
 18
1990
 19
1991
 20
1995
 20
1998
 19
1D
 20
