4
 24,23,22,14,21,20,16,7,17,10,8,3
4,48470
 23
4,57575
 23
4,82888
 23
4,96744
 23
40
 23
40,09337
 23
40,10803
 23
40,35124
 23
400
 24,23
40153
 23
402
 22
40345
 23
405
 24
405.45
 24
409
 24
409.45
 24
409.905
 24
41
 24,23,22
41,48235
 23
410
 24
410.36
 24
41032
 23
417
 24
417.92
 24
41896
 23
419
 23
419,33536
 23
42
 25,24,23,22,14
42,70744
 23
42118
 23
42178
 23
42892
 23
43
 24,23,22
43(12
 22
43.47
 24
430
 24,23
430,44781
 23
430.21
 24
430.29
 24
430.38
 24
431
 24
431.07
 24
432
 24
432,3
 24
43462
 23
44
 24,23
44,16341
 23
44,47485
 23
44,77274
 23
44.625
 24
4402
 22
4402-4407
 22
4407
 22
44781
 23
4483
 22
4483-4492
 22
4492
 22
45
 24
450
 23
450,20931
 23
452
 24
452.91
 24
452.98
 24
454
 21
454(1971
 21
45454
 23
456
 24
45816
 23
46
 24,23
46,05919
 23
46085
 23
46212
 23
469
 23
469,66590
 23
47
 24,23
47,82702
 23
47046
 23
47485
 23
475
 24
475.68
 24
475.695
 24
475.71
 24
477
 24
477.86
 24
48
 24,23,22
48(2
 22
48(6
 22
48,28370
 23
48,85755
 23
48083
 23
48235
 23
48470
 23
485
 23
485,70075
 23
49
 24
49034
 23
491
 24
491.37
 24
49367
 23
495
 24
497
 24
497.92
 24
498
 24
498.37
 24
498.57
 24
