2
 22,13,21,20,19,9,18,14,16,15,12,11,4,7,2
2,83011
 21
2,93302
 21
2.1
 12,21
2.2
 13,21
2.3
 14,21
2.4
 15,13
2.5
 16
20
 21,20,22
200
 20
2000
 20,18
2003
 20,19
2005
 20
2006
 20
2007
 20
2010
 20
2011
 20
2012
 20,18
2013
 20,19
2014
 20
2015
 20
2017
 20
2018
 20,19
2019
 20
2020
 20
2023
 1
2038
 22
2038,23
 22
205
 21
205,62417
 21
2061
 20
2061-2065
 20
2065
 20
209
 21
209,34358
 21
20931
 21
20938
 21
21
 22,21,20
21,93284
 21
21.165
 22
21.84
 22
22
 21,20
22,24392
 21
22,93142
 21
222
 20
222-233
 20
224
 21
224,06063
 21
225
 21
225,74857
 21
2286
 22
2286,71
 22
23
 21,20,22
23,33544
 21
23,90591
 21
23207
 21
233
 20
23622
 21
24
 21,20
24,16867
 21
24392
 21
25
 21,22,20
25,15135
 21
25,90313
 21
25-100
 21
250
 20
250-7
 20
25086
 21
25768
 21
26
 21,22,20
26037638
 20
265
 21
265,55775
 21
26999
 21
27
 22,21,20
27,34345
 21
28
 22,21,20
28,06286
 21
28,50076
 21
280
 20
280-284
 20
28098
 21
28370
 21
284
 20
284-293
 20
28938
 21
29
 22,20
293
 20
29766
 21
2D
 20,15,9
2H
 18,20
2]_1_БОЛЬНОЙ
 13
