7
 23,22,10,20,3,24
7,38510
 23
7,39412
 23
7,59743
 23
7,76087
 23
7,90820
 23
7,94579
 23
70
 24
70075
 23
70337
 23
70744
 23
70751
 23
71
 24,22
71(6
 22
72
 23,24,22
72(5
 22
720
 23
720,05281
 23
721
 22
721-731
 22
72615
 23
72784
 23
72843
 23
72889
 23
73
 22,24
73(3
 22
730
 23
730,31280
 23
731
 22
731-739
 22
736
 24
739
 22
74
 24
74811
 23
74857
 23
75
 24,21,16
75068
 23
75510
 23
75581
 23
757
 22
757-764
 22
76
 24,23
76,76347
 23
76027
 23
76087
 23
761
 23
761,30100
 23
76347
 23
764
 22
76578
 23
76884
 23
77
 24,22
77274
 23
77325
 23
77646
 23
778
 23
778,00875
 23
78
 24
78378
 23
784
 13
784,5
 13
78441
 23
78717
 23
78893
 23
79
 24
79059
 23
79130
 23
79196
 23
79454
 23
79568
 23
79715
 23
79827
 23
7984
 22
7984-7996
 22
79928
 23
7996
 22
79988
 23
