Т
 22,21,20,15,14,10
Т.Е
 22,15,14
Т.К
 22,21,20,10
ТАБЛИЦ
 4
ТАБЛИЦА
 23,18,24,8,7
ТАБЛИЦЕ
 15,8,6,24,18,14,13,11,9,7
ТАБЛИЦЕЙ
 8,15
ТАБЛИЦУ
 8,4,15
ТАБЛИЦЫ
 24,15,9,3
ТАК
 24,22,23,20,15
ТАКАЯ
 22
ТАКЖЕ
 21,22,20,24,23,14,10
ТАКИМ
 22,23,20
ТАКИХ
 23,22
ТАКОЕ
 21
ТАКОЙ
 22
ТАМ
 24,8
ТЕ
 21,17
ТЕКСТОВЫЕ
 4
ТЕКУЩЕГО
 23,4,3
ТЕКУЩЕЕ
 3
ТЕКУЩЕЙ
 23,8
ТЕКУЩИЙ
 8
ТЕКУЩИХ
 6
ТЕМ
 22,21,14
ТЕМЫ
 5
ТЕНДЕНЦИЯ
 22
ТЕПЕРЬ
 23,24
ТЕРМИНАМИ
 22
ТЕСТОВОЙ
 24,10
ТЕСТОВУЮ
 24,10
ТЕХ
 22
ТИП
 15
ТИПА
 8
ТИПИЧНЫМ
 21
ТИПЫ
 20
ТКАНИ
 23,24
ТО
 24,8,14,10,16,15,22,17,13
ТОГДА
 21,7
ТОГО
 22,24,23
ТОЙ
 22
ТОЛЬКО
 8,22,18,15,10,9,7,6,4
ТОМ
 22,21
ТОЧЕК
 22,24,23,20
ТОЧКА
 24,20
ТОЧКЕ
 20,24
ТОЧКИ
 24,22,20
ТОЧКУ
 15
ТОЧНЕЕ
 23,15
ТОЧНО
 24,15,14
ТОЧНОСТИ
 22
ТОЧНОСТЬ
 21,22,8
ТОЧНОСТЬЮ
 22
ТРАДИЦИОННО
 22
ТРАПЕЦИИ
 20
ТРАПЕЦИЙ
 20
ТРЕБОВАНИЯ
 22
ТРЕБУЕМОГО
 23
ТРЕБУЕТ
 22,21
ТРЕБУЕТСЯ
 24,22,21,8
ТРЕБУЮЩИХ
 22
ТРЕНДУ
 22
ТРЕУГОЛЬНОЕ
 21
ТРИВИАЛЬНА
 22
ТУ
 22
ТУТ
 10,9
