0
 21,22,20,15,14,13
0,00001
 21
0,00028
 21
0,00082
 21
0,001
 20
0,002
 20
0,01013
 21
0,01798
 21
0,1
 20
0,2
 13
0,25768
 21
0,46085
 21
0.29
 22
0.3
 22
0.31
 22
0.33
 22
0.35
 22
0.38
 22
0.42
 22
0.44
 22
0.45
 22
0.46
 22
0.47
 22
0.48
 22
0.49
 22
0.62
 15
0.78
 22
0.833
 15
0.99999999
 14
00001
 21
00028
 21
000370203322554518
 20
000370207782597003
 20
00082
 21
001
 20
002
 20
00875
 21
01004
 21
01013
 21
011
 20
01563
 21
01798
 21
02269
 21
02793
 21
02994
 21
03
 22
03468
 21
03660
 21
03881
 21
04011
 21
04381
 21
04983
 21
05281
 21
05919
 21
06063
 21
06286
 21
06310
 21
06419
 21
06723
 21
06856
 21
07
 22
07134
 21
07798
 20
08
 22
08508
 21
09337
 21
09575
 21
09842
 21
