3
 24,22,23,21,20,15,8,6,19,10,12,3
3,15
 23
3,37443
 23
3,81430
 23
3.1
 20,24
3.10
 24,23
3.2
 21,24
3.3
 22,24
3.4
 24
30
 24,23,22,21,10
30,80845
 23
300
 8
300-500
 8
30100
 23
30106
 23
30271
 23
31
 24,22
31239
 23
31280
 23
314
 20
31444
 23
32
 22,24,23
32,45816
 23
32593
 23
33
 24,22
33536
 23
33544
 23
336
 22
336-342
 22
34
 24,23,22,14
34,13662
 23
34,69111
 23
34061
 23
342
 22
34202
 23
34345
 23
34358
 23
344
 24
35
 24,22
3502
 22
3502-3511
 22
3511
 22
35124
 23
35414
 23
35974
 23
36
 24,23,22,21
36,34202
 23
360
 15
364
 23
364,02269
 23
36941
 23
37
 24,23
37,29766
 23
37,36941
 23
37240
 23
37250
 23
37443
 23
3759
 21
3759-3769
 21
37655
 23
3769
 21
38
 24,23
38,70337
 23
380
 24
38264
 23
38510
 23
386
 24
386.74
 24
38695
 23
387
 24
387.6
 24
388
 24
388.46
 24
388.65
 24
39
 24,21
3913
 22
3913-3920
 22
3920
 22
39412
 23
39590
 23
396
 22
396-402
 22
