8
 21,20,10,19,7
8,02793
 21
8,06310
 21
8,12270
 21
8,23622
 21
8,31239
 21
8,35974
 21
8,46212
 21
8,47046
 21
8,58861
 21
8,63892
 21
8,69917
 21
8,76884
 21
8,79988
 21
80
 22,7
80-100
 7
80.88
 22
80632
 21
80845
 21
810
 21
810,86621
 21
81113
 21
813
 20
813–827
 20
81430
 21
82
 22
82040
 21
82329
 21
827
 20
82702
 21
82888
 21
829
 21
829,16986
 21
83
 22
83011
 21
83143
 21
833
 15
834
 20
839
 13
84
 22
84029
 21
84767
 21
85
 22,21,20
85,55185
 21
85.26
 22
85.47
 22
85.83
 22
852
 21
852,19893
 21
85388
 21
85755
 21
86
 22
86.36
 22
86045
 21
86621
 21
87
 22,20
87.1
 22
87.99
 22
872
 21
872,89663
 21
87479
 21
878
 20
878-883
 20
88
 22
88.03
 22
88.51
 22
88.71
 22
88.89
 22
883
 20
88683
 21
88893
 21
89
 22,21
89,97753
 21
89.43
 22
89.86
 22
89663
 21
89685
 21
8H
 18,20
